272
35.9014288 14.479873
35.9008452 14.4765783
35.9019175 14.4756107
35.9017712 14.4756147
35.9235998 14.4777176
35.8998156 14.4829079
35.9211054 14.4907238
35.9188382 14.4896687
35.9171231 14.4934556
35.9145432 14.4935207
35.9147545 14.4964069
35.9162513 14.4984351
35.9172749 14.5001337
35.91535 14.5041998
35.9130942 14.506844
35.9107337 14.5091549
35.9099501 14.5100984
35.9070201 14.5083748
35.9088306 14.5041069
35.9080415 14.5002786
35.9060426 14.497491
35.902769 14.494644
35.8925621 14.4807526
35.8930715 14.4767267
35.8937849 14.4731663
35.8946846 14.4700172
35.8953041 14.4658438
35.8969436 14.461304
35.8970411 14.4591225
35.8956572 14.4509261
35.8940466 14.4501519
35.8892619 14.4404514
35.8872237 14.432154
35.884469 14.4195028
35.8842843 14.3939672
35.9174945 14.4146431
35.9465801 14.4135073
35.9492107 14.4134083
35.9509174 14.4106157
35.9496167 14.4086222
35.9524995 14.41157
35.9526489 14.4149198
35.9549037 14.4174857
35.9542639 14.4195519
35.9577331 14.4220699
35.9539481 14.4238056
35.9521318 14.4240155
35.9485189 14.422134
35.9473711 14.4203803
35.9460127 14.4187726
35.9456171 14.4152605
35.8847319 14.401403
35.8847626 14.4202772
35.8898215 14.4405359
35.8964608 14.4632074
35.9234962 14.4836353
35.8960301 14.4889276
35.9092782 14.5045631
35.8999665 14.4946951
35.897948 14.494054
35.8968633 14.4925384
35.9111575 14.506549
35.8991072 14.4932091
35.9228477 14.4856355
35.9215776 14.4859162
35.9202589 14.4829078
35.9195407 14.480281
35.9196662 14.4787258
35.9203364 14.4774917
35.9204003 14.4757292
35.9187538 14.4740689
35.9192709 14.4714245
35.9174461 14.4683947
35.9208562 14.4732639
35.9217557 14.4748789
35.9005118 14.4735432
35.9019871 14.4692463
35.9027747 14.4667585
35.9014841 14.4661322
35.9004792 14.465756
35.9031016 14.466953
35.9013624 14.48036
35.8997123 14.4841942
35.8999347 14.48479
35.9019352 14.4696455
35.9045203 14.4639891
35.9041553 14.4623315
35.9034753 14.4592041
35.9025841 14.4547474
35.9051851 14.4378068
35.9054468 14.4349859
35.9064573 14.4305378
35.9080023 14.4283221
35.9098907 14.4251868
35.9097409 14.4253309
35.911687 14.4232888
35.9143897 14.4206317
35.9158365 14.419038
35.9250745 14.4158212
35.9289261 14.4162574
35.9330809 14.4154754
35.9377805 14.4115789
35.9422702 14.4116635
35.9545613 14.4193468
35.9130326 14.4217471
35.9084495 14.4237403
35.9073719 14.4208888
35.9057483 14.4220889
35.9054853 14.4251575
35.9054245 14.4277329
35.8964225 14.486062
35.894634 14.4804271
35.8944547 14.4776817
35.8957629 14.4733285
35.8965895 14.468323
35.8963689 14.4662974
35.898762 14.4582871
35.9000372 14.4556104
35.9018264 14.4526756
35.9021565 14.4517386
35.9037672 14.4507774
35.9047141 14.4447109
35.8976397 14.4605626
35.8860094 14.4916455
35.8860122 14.4896793
35.8869879 14.4869475
35.8875962 14.4832196
35.8880701 14.4808938
35.8887771 14.4787607
35.8895145 14.476101
35.8899549 14.4740146
35.8902376 14.4727834
35.893371 14.4704437
35.894415 14.4682002
35.8952314 14.4651196
35.8902213 14.4727828
35.8878017 14.4932118
35.8886926 14.4892649
35.8902637 14.4876154
35.8917979 14.485593
35.892694 14.4502277
35.8883004 14.4359842
35.8834325 14.4135161
35.8830524 14.4090387
35.8827313 14.4030921
35.8845181 14.4014589
35.8847539 14.3985432
35.8835752 14.3916307
35.8824119 14.3919141
35.8848376 14.3955291
35.8837824 14.4034303
35.8909055 14.4473458
35.8816746 14.401904
35.8802832 14.4010447
35.8782748 14.400502
35.8764002 14.3988699
35.8754516 14.3964063
35.8806021 14.3929039
35.8866815 14.391536
35.887266 14.3922172
35.8882884 14.3944126
35.8893673 14.3959093
35.891135 14.3979008
35.8939251 14.3985446
35.894741 14.4002464
35.8939544 14.4010417
35.8923628 14.4004999
35.8912795 14.399191
35.8909036 14.3979666
35.873299 14.3942536
35.8698919 14.3908381
35.8683484 14.3906669
35.8661885 14.3897041
35.864462 14.3893446
35.8630708 14.387514
35.8617894 14.3842001
35.8615221 14.3823266
35.8608178 14.380103
35.8610286 14.3777393
35.8627133 14.3784481
35.8639186 14.377111
35.8620872 14.3765974
35.8599613 14.3794593
35.8595787 14.3822099
35.8607604 14.3830073
35.8551615 14.3940007
35.8730813 14.401381
35.8724673 14.3997449
35.875171 14.3983139
35.8766281 14.39291
35.8775758 14.3915829
35.8798067 14.3902887
35.8814442 14.3905395
35.9000975 14.4539958
35.9017898 14.4488405
35.9010746 14.4482768
35.898393 14.4496157
35.8984635 14.4518929
35.8962223 14.4516028
35.8944085 14.4481105
35.8934265 14.4447864
35.8934286 14.441989
35.8922085 14.4369565
35.8896629 14.4344915
35.8888197 14.4318085
35.891253 14.431811
35.8933492 14.4318388
35.8935609 14.432659
35.8934338 14.4355813
35.8963206 14.4354129
35.8928685 14.4383948
35.8919684 14.4411676
35.8970016 14.4459213
35.898243 14.4472654
35.9005672 14.4519836
35.8973126 14.4569473
35.8600895 14.3864599
35.8594752 14.3910791
35.8556989 14.3932036
35.8603388 14.3975918
35.8625419 14.3978108
35.8647381 14.3962003
35.8666922 14.3952803
35.8692559 14.3951891
35.8850595 14.489609
35.8826878 14.4862622
35.8801098 14.4838708
35.8784074 14.4842364
35.8792384 14.4789049
35.8784147 14.4768181
35.8761783 14.4748199
35.8767793 14.4709387
35.8782158 14.4693355
35.8760805 14.4653825
35.8752601 14.4662824
35.8749993 14.4628961
35.8746602 14.4563596
35.8735431 14.452976
35.8735388 14.4499786
35.8737072 14.446021
35.8733877 14.4431323
35.873015 14.4416463
35.8775916 14.4671984
35.8785657 14.4706088
35.8783174 14.4720478
35.8778833 14.4741453
35.8806216 14.4848178
35.8840881 14.4885979
35.8713142 14.4516711
35.8687516 14.4471033
35.8602776 14.4441247
35.8585081 14.4421318
35.8569592 14.4402945
35.8561119 14.438999
35.854557 14.4384746
35.8533254 14.4380827
35.854519 14.4377813
35.8562103 14.4348925
35.8563212 14.430833
35.8569766 14.42996
35.8581309 14.4325966
35.8579635 14.4360673
35.8577201 14.4381554
35.8586113 14.4414083
35.858394 14.4441716
35.8606102 14.444696
35.8697705 14.4492216
35.8709477 14.4489374
35.878272 14.4841929
35.9012484 14.4799992
35.8843386 14.4185172
35.9053616 14.4374508
