344
35.9014288 14.479873
35.9008452 14.4765783
35.9019175 14.4756107
35.9017712 14.4756147
35.9000773 14.4849531
35.9233254 14.4770826
35.927252 14.4715102
35.9388912 14.4564603
35.9486037 14.4275008
35.9451649 14.4135289
35.9477404 14.3836845
35.952143 14.3870154
35.9549515 14.3717922
35.9592181 14.361874
35.9648488 14.3604563
35.9693123 14.3496861
35.9860511 14.3421398
35.9866555 14.3324568
35.9872609 14.3282962
35.9879981 14.3288365
35.9235998 14.4777176
35.8999174 14.4854056
35.9017872 14.4754663
35.9482166 14.3988122
35.9466079 14.4083266
35.8761055 14.505778
35.8754289 14.5032818
35.9211054 14.4907238
35.9188382 14.4896687
35.9171231 14.4934556
35.9145432 14.4935207
35.9147545 14.4964069
35.9162513 14.4984351
35.9172749 14.5001337
35.91535 14.5041998
35.9130942 14.506844
35.9107337 14.5091549
35.9099501 14.5100984
35.9070201 14.5083748
35.9080415 14.5002786
35.9060426 14.497491
35.902769 14.494644
35.9016981 14.4915971
35.8925621 14.4807526
35.8930715 14.4767267
35.8937849 14.4731663
35.8946846 14.4700172
35.8953041 14.4658438
35.8969436 14.461304
35.9104719 14.4123258
35.9145744 14.4157362
35.9174945 14.4146431
35.9465801 14.4135073
35.9492107 14.4134083
35.9509174 14.4106157
35.9496167 14.4086222
35.9524995 14.41157
35.9526489 14.4149198
35.9549037 14.4174857
35.9542639 14.4195519
35.9577331 14.4220699
35.9539481 14.4238056
35.9521318 14.4240155
35.9485189 14.422134
35.9473711 14.4203803
35.9460127 14.4187726
35.9456171 14.4152605
35.8964608 14.4632074
35.8896506 14.5008857
35.8897967 14.5007116
35.8914893 14.5040276
35.892723 14.5043083
35.8940719 14.5063354
35.8952138 14.5080061
35.9234486 14.4836337
35.9231589 14.4738463
35.9347313 14.4618981
35.9432616 14.449882
35.9543754 14.4195322
35.9452628 14.4104615
35.9478085 14.4055017
35.9483747 14.403398
35.9482395 14.4012947
35.9475818 14.3951538
35.9473111 14.3931026
35.9462932 14.3904814
35.9459277 14.3882225
35.9449449 14.3858138
35.9532264 14.3830963
35.9540834 14.3758134
35.9556378 14.3697203
35.9562931 14.3658162
35.9565409 14.3655248
35.9570819 14.36225
35.9616013 14.3623871
35.9658985 14.3568047
35.9662167 14.3525739
35.9727807 14.3492015
35.9771592 14.3460268
35.9857527 14.3387254
35.9673408 14.351737
35.9541099 14.3752555
35.94887 14.4012311
35.948742 14.403394
35.9234962 14.4836353
35.8921241 14.5063293
35.8898946 14.500549
35.8921457 14.4974335
35.8959496 14.4944565
35.8946805 14.4909961
35.8960301 14.4889276
35.8999521 14.4907449
35.9016954 14.4929062
35.9092782 14.5045631
35.9088003 14.5038354
35.8999665 14.4946951
35.897948 14.494054
35.8968633 14.4925384
35.890324 14.5013868
35.9111575 14.506549
35.9436228 14.4225894
35.9483776 14.406641
35.949636 14.4073693
35.9516143 14.408631
35.9352791 14.4603762
35.9088393 14.5042518
35.8943821 14.5086513
35.8915129 14.5054597
35.9239192 14.4787048
35.9246858 14.4799027
35.9241428 14.4786769
35.9036296 14.4924045
35.9061446 14.4934612
35.9093537 14.4944828
35.9088426 14.5043403
35.9114037 14.4931035
35.9115309 14.4905296
35.9114614 14.4869998
35.9084384 14.476462
35.9091755 14.4739702
35.9097469 14.4708942
35.91031 14.4689593
35.9087176 14.468168
35.9065951 14.4688305
35.9042466 14.4700509
35.9039359 14.4722691
35.9005118 14.4735432
35.9019871 14.4692463
35.9087227 14.4802431
35.9096132 14.4824198
35.9107098 14.484795
35.9079304 14.4787263
35.9013624 14.48036
35.8997123 14.4841942
35.8942398 14.509705
35.8999347 14.48479
35.9019352 14.4696455
35.9045203 14.4639891
35.9041553 14.4623315
35.9034753 14.4592041
35.9025841 14.4547474
35.9036904 14.4531933
35.9068841 14.4530216
35.9097322 14.4520748
35.9142703 14.4506103
35.9156839 14.4499543
35.9151757 14.4470129
35.9140339 14.4441213
35.9124837 14.4432997
35.9108491 14.4423658
35.9079464 14.4406137
35.9071932 14.4398206
35.9051851 14.4378068
35.9054468 14.4349859
35.9064573 14.4305378
35.9080023 14.4283221
35.9098907 14.4251868
35.9097409 14.4253309
35.911687 14.4232888
35.9143897 14.4206317
35.9158365 14.419038
35.9250745 14.4158212
35.9289261 14.4162574
35.9330809 14.4154754
35.9377805 14.4115789
35.9422702 14.4116635
35.9545613 14.4193468
35.9521332 14.41524
35.9495885 14.4140813
35.9130326 14.4217471
35.9084495 14.4237403
35.9073719 14.4208888
35.9057483 14.4220889
35.9054853 14.4251575
35.9054245 14.4277329
35.90536 14.4378504
35.8943144 14.5099766
35.8900242 14.5001291
35.8964225 14.486062
35.894634 14.4804271
35.8944547 14.4776817
35.8957629 14.4733285
35.8965895 14.468323
35.8963689 14.4662974
35.898762 14.4582871
35.9000372 14.4556104
35.9018264 14.4526756
35.9021565 14.4517386
35.9037672 14.4507774
35.9047141 14.4447109
35.9051961 14.4373911
35.9095843 14.4253133
35.8976397 14.4605626
35.8867766 14.4960959
35.8863207 14.4942579
35.8860094 14.4916455
35.8860122 14.4896793
35.8869879 14.4869475
35.8875962 14.4832196
35.8880701 14.4808938
35.8887771 14.4787607
35.8895145 14.476101
35.8899549 14.4740146
35.8902376 14.4727834
35.893371 14.4704437
35.894415 14.4682002
35.8952809 14.4653732
35.8952314 14.4651196
35.8902213 14.4727828
35.8865555 14.4949337
35.8874387 14.4968486
35.8944169 14.5103317
35.9127779 14.446544
35.9103969 14.4456831
35.8943706 14.5101391
35.9062624 14.4199666
35.9037317 14.4130178
35.9078448 14.4043947
35.9123499 14.3951797
35.9142225 14.3895914
35.9188635 14.3802036
35.9185573 14.3762966
35.9190165 14.3729268
35.919539 14.3699013
35.9194383 14.3672008
35.9217079 14.3668878
35.9266178 14.368815
35.9287042 14.3666746
35.9275094 14.3554133
35.9274247 14.3542613
35.9345527 14.3591174
35.9398538 14.3550217
35.9396713 14.353525
35.9347122 14.3462179
35.9307504 14.3474685
35.9212355 14.3790923
35.9058489 14.4180268
35.9060318 14.4384822
35.9134617 14.4419374
35.9133297 14.4385559
35.9124707 14.4345475
35.9114473 14.4328085
35.9097409 14.4306734
35.9097637 14.4271637
35.9539296 14.4238111
35.9545947 14.419392
35.9107728 14.4290587
35.9124716 14.4327883
35.9136093 14.4423547
35.9052908 14.4390229
35.9168053 14.4491082
35.9178182 14.4481802
35.921936 14.4509428
35.9215146 14.4523081
35.920952 14.4539094
35.9239571 14.4551915
35.9248856 14.4545424
35.9239495 14.4529814
35.9236215 14.4514847
35.9179881 14.4481708
35.8878017 14.4932118
35.8929299 14.4937898
35.8903017 14.4913544
35.8888415 14.4902077
35.8886926 14.4892649
35.8902637 14.4876154
35.8917979 14.485593
35.9131689 14.4335957
35.9147699 14.4318616
35.9175721 14.4296354
35.9185062 14.4294637
35.9189764 14.4286805
35.9186869 14.4249138
35.9181152 14.4205695
35.9170986 14.4184452
35.9104491 14.4166763
35.9109346 14.4186142
35.9118807 14.4191144
35.8912889 14.4921527
35.9480186 14.4083239
35.9411111 14.353399
35.9402403 14.3555662
35.9266711 14.3708836
35.9232871 14.3776278
35.9244838 14.3730703
35.9809514 14.3335261
35.9609143 14.3424926
35.9263593 14.3990435
35.911645 14.4343923
35.9096149 14.4372676
35.9100331 14.4400719
35.911425 14.442129
35.9122967 14.4410254
35.9193446 14.4461578
35.923122 14.4445324
35.9243426 14.4414733
35.9284368 14.4381568
35.9339468 14.4363329
35.9351456 14.4427675
35.937389 14.442333
35.9094541 14.4376324
35.9173279 14.4125133
35.9224269 14.4042376
35.9166715 14.4533709
35.9127049 14.4623214
35.9114962 14.4652095
35.9053616 14.4374508
35.954629 14.4194382
35.954467 14.4199949
35.9416931 14.3808648
35.9410101 14.3762836
35.9379275 14.3666598
35.94928 14.4150298
35.9493803 14.4164168
35.951424 14.4171077
35.9142018 14.4200787
35.909604 14.4345868
35.9171963 14.4183353
35.913188 14.4335494
35.9067986 14.437851
35.9181282 14.4458695
35.9202678 14.4421801
35.9206299 14.4420422
35.9160602 14.4482017
