298
35.9014288 14.479873
35.9008452 14.4765783
35.9019175 14.4756107
35.9017712 14.4756147
35.9000773 14.4849531
35.9233254 14.4770826
35.927252 14.4715102
35.9388912 14.4564603
35.9486037 14.4275008
35.9451649 14.4135289
35.9235998 14.4777176
35.8999174 14.4854056
35.9017872 14.4754663
35.9482166 14.3988122
35.9466079 14.4083266
35.8754289 14.5032818
35.8998156 14.4829079
35.9211054 14.4907238
35.9188382 14.4896687
35.9171231 14.4934556
35.9145432 14.4935207
35.9147545 14.4964069
35.9162513 14.4984351
35.9172749 14.5001337
35.91535 14.5041998
35.9130942 14.506844
35.9107337 14.5091549
35.9099501 14.5100984
35.9070201 14.5083748
35.9088306 14.5041069
35.9080415 14.5002786
35.9060426 14.497491
35.902769 14.494644
35.9016981 14.4915971
35.9048162 14.4916437
35.9054572 14.4888481
35.8925621 14.4807526
35.8930715 14.4767267
35.8937849 14.4731663
35.8946846 14.4700172
35.8941699 14.509426
35.8896506 14.5008857
35.8897967 14.5007116
35.8914893 14.5040276
35.892723 14.5043083
35.8940719 14.5063354
35.8952138 14.5080061
35.9234486 14.4836337
35.9231589 14.4738463
35.9347313 14.4618981
35.9432616 14.449882
35.9452628 14.4104615
35.9478085 14.4055017
35.9483747 14.403398
35.9482395 14.4012947
35.9475818 14.3951538
35.9473111 14.3931026
35.9462932 14.3904814
35.9459277 14.3882225
35.9449449 14.3858138
35.94887 14.4012311
35.948742 14.403394
35.9234962 14.4836353
35.8921241 14.5063293
35.8898946 14.500549
35.8921457 14.4974335
35.8959496 14.4944565
35.8946805 14.4909961
35.8960301 14.4889276
35.8999521 14.4907449
35.9016954 14.4929062
35.9092782 14.5045631
35.9088003 14.5038354
35.8999665 14.4946951
35.897948 14.494054
35.8968633 14.4925384
35.890324 14.5013868
35.9111575 14.506549
35.9436228 14.4225894
35.9352791 14.4603762
35.9088393 14.5042518
35.8772743 14.4951643
35.8736305 14.4960269
35.8732407 14.4989594
35.8732021 14.5068639
35.8730595 14.5095102
35.8738182 14.5122671
35.873487 14.5134306
35.8726531 14.5179141
35.8722537 14.5217789
35.8721662 14.5246057
35.8720586 14.5264524
35.8720543 14.5298266
35.8738593 14.5330024
35.8749319 14.5337413
35.8765435 14.5358643
35.878077 14.5389582
35.8769836 14.5387101
35.8755751 14.5358378
35.8736994 14.5045023
35.8943821 14.5086513
35.8915129 14.5054597
35.9239192 14.4787048
35.9252418 14.4749916
35.9276612 14.4717009
35.9253288 14.4743657
35.9271184 14.4772486
35.9289819 14.4776376
35.9299919 14.4785616
35.9290764 14.4814181
35.9287713 14.4831495
35.9284622 14.4852034
35.9271977 14.4823717
35.9255535 14.4800448
35.9242188 14.481976
35.9272533 14.4867934
35.9284455 14.4889337
35.9273927 14.4889423
35.9252093 14.4913208
35.9237341 14.4921049
35.894326 14.5086508
35.9246858 14.4799027
35.9241428 14.4786769
35.9303111 14.4704718
35.9342144 14.4734311
35.9008638 14.4975865
35.8995732 14.5004106
35.8978524 14.4968703
35.8942679 14.5086503
35.8991072 14.4932091
35.9228477 14.4856355
35.9215776 14.4859162
35.9202589 14.4829078
35.9195407 14.480281
35.9196662 14.4787258
35.9203364 14.4774917
35.9204003 14.4757292
35.9187538 14.4740689
35.9192709 14.4714245
35.9174461 14.4683947
35.9216601 14.4688439
35.9235086 14.4674787
35.9252006 14.4680929
35.92734 14.4646034
35.9262062 14.4630128
35.9223986 14.4672024
35.9193511 14.4703889
35.9208562 14.4732639
35.9217557 14.4748789
35.9036296 14.4924045
35.9061446 14.4934612
35.9093537 14.4944828
35.9100059 14.4962212
35.9105403 14.4988015
35.9120903 14.5007622
35.9132493 14.50119
35.9156078 14.4997831
35.9088426 14.5043403
35.9096013 14.5009793
35.9114037 14.4931035
35.9115309 14.4905296
35.9114614 14.4869998
35.911559 14.4881781
35.9138618 14.4894488
35.9137388 14.4870976
35.9134643 14.4823247
35.9134366 14.4797219
35.9120165 14.4774525
35.9098256 14.4765365
35.9088241 14.4768423
35.9084384 14.476462
35.9091755 14.4739702
35.9097469 14.4708942
35.91031 14.4689593
35.9087176 14.468168
35.9065951 14.4688305
35.9042466 14.4700509
35.9039359 14.4722691
35.9005118 14.4735432
35.9019871 14.4692463
35.9027747 14.4667585
35.9014841 14.4661322
35.9004792 14.465756
35.9031016 14.466953
35.9114735 14.4761938
35.8942012 14.5095571
35.9061217 14.4866169
35.9064591 14.4796136
35.9066277 14.4741198
35.9086112 14.4717032
35.9079595 14.4700617
35.9087227 14.4802431
35.9096132 14.4824198
35.9107098 14.484795
35.9079304 14.4787263
35.9013624 14.48036
35.8997123 14.4841942
35.8999347 14.48479
35.9019352 14.4696455
35.8980147 14.4786215
35.8968834 14.4771735
35.8971224 14.4744766
35.8969681 14.4706973
35.8992712 14.4721055
35.8963689 14.4662974
35.8867766 14.4960959
35.8863207 14.4942579
35.8860094 14.4916455
35.8860122 14.4896793
35.8869879 14.4869475
35.8875962 14.4832196
35.8880701 14.4808938
35.8887771 14.4787607
35.8895145 14.476101
35.8899549 14.4740146
35.8902376 14.4727834
35.893371 14.4704437
35.894415 14.4682002
35.8952314 14.4651196
35.8902213 14.4727828
35.8865555 14.4949337
35.8874387 14.4968486
35.9345527 14.3591174
35.9347122 14.3462179
35.9307504 14.3474685
35.8878017 14.4932118
35.8886926 14.4892649
35.8902637 14.4876154
35.8917979 14.485593
35.8941582 14.5102076
35.8898758 14.4723523
35.89033 14.4699141
35.8913947 14.4660129
35.8928025 14.461764
35.8953244 14.4650942
35.8850595 14.489609
35.8826878 14.4862622
35.8801098 14.4838708
35.8784074 14.4842364
35.8792384 14.4789049
35.8784147 14.4768181
35.8783877 14.4838599
35.8806216 14.4848178
35.8840881 14.4885979
35.8939313 14.5093034
35.8795176 14.4732763
35.8808216 14.4683035
35.8802574 14.4655912
35.8786026 14.46497
35.8781159 14.4636203
35.8773085 14.4631147
35.8784614 14.4650808
35.8820494 14.469265
35.8813127 14.4718748
35.8798034 14.4759089
35.8807151 14.4808696
35.8820168 14.4777784
35.8819332 14.4730268
35.8857463 14.4749819
35.8881983 14.4742258
35.8917582 14.4592085
35.8902546 14.463695
35.8881367 14.4699692
35.8825569 14.4749513
35.8736806 14.4935563
35.8730606 14.4882484
35.8803467 14.5409578
35.881508 14.5415242
35.8845204 14.5402606
35.8851299 14.5393592
35.8861023 14.5388174
35.8848278 14.5420521
35.8845584 14.5449489
35.8846654 14.5468616
35.8860745 14.546381
35.8868588 14.5453401
35.8874181 14.5455015
35.8887024 14.5474112
35.8879016 14.5499339
35.886482 14.551702
35.8864705 14.5498739
35.8868135 14.5484162
35.8857731 14.5478538
35.882809 14.5418403
35.8777388 14.5402309
35.9101102 14.5014435
35.9089067 14.4907871
35.9064561 14.4744846
35.9065995 14.4717139
35.8977481 14.4677335
35.8962924 14.4773611
35.8991333 14.4766317
35.9011886 14.4798866
35.9183947 14.4895597
35.8782432 14.4838054
35.9416931 14.3808648
35.9410101 14.3762836
35.9379275 14.3666598
