331
35.9235998 14.4777176
35.9466079 14.4083266
35.9211054 14.4907238
35.9188382 14.4896687
35.9171231 14.4934556
35.9145432 14.4935207
35.9147545 14.4964069
35.9162513 14.4984351
35.9172749 14.5001337
35.91535 14.5041998
35.9130942 14.506844
35.9107337 14.5091549
35.9099501 14.5100984
35.9070201 14.5083748
35.8969436 14.461304
35.8970411 14.4591225
35.8956572 14.4509261
35.8940466 14.4501519
35.8892619 14.4404514
35.8872237 14.432154
35.884469 14.4195028
35.8843013 14.4015749
35.8842843 14.3939672
35.9174945 14.4146431
35.9524995 14.41157
35.9526489 14.4149198
35.9549037 14.4174857
35.9542639 14.4195519
35.9546596 14.4194797
35.9577331 14.4220699
35.9539481 14.4238056
35.9521318 14.4240155
35.9485189 14.422134
35.9473711 14.4203803
35.9460127 14.4187726
35.9456171 14.4152605
35.8841063 14.3912352
35.8847319 14.401403
35.8847626 14.4202772
35.8898215 14.4405359
35.8964608 14.4632074
35.8896506 14.5008857
35.8897967 14.5007116
35.8914893 14.5040276
35.892723 14.5043083
35.8940719 14.5063354
35.8952138 14.5080061
35.9234486 14.4836337
35.9452628 14.4104615
35.9234962 14.4836353
35.8921241 14.5063293
35.8921457 14.4974335
35.8959496 14.4944565
35.8946805 14.4909961
35.8960301 14.4889276
35.9092782 14.5045631
35.890324 14.5013868
35.9111575 14.506549
35.9483776 14.406641
35.949636 14.4073693
35.9516143 14.408631
35.8915129 14.5054597
35.9239192 14.4787048
35.9246858 14.4799027
35.9088426 14.5043403
35.9114614 14.4869998
35.9084384 14.476462
35.9091755 14.4739702
35.9097469 14.4708942
35.9087227 14.4802431
35.9096132 14.4824198
35.9107098 14.484795
35.9079304 14.4787263
35.9156839 14.4499543
35.9151757 14.4470129
35.9140339 14.4441213
35.9051851 14.4378068
35.9054468 14.4349859
35.9064573 14.4305378
35.9080023 14.4283221
35.9098907 14.4251868
35.9097409 14.4253309
35.911687 14.4232888
35.9143897 14.4206317
35.9158365 14.419038
35.9250745 14.4158212
35.9289261 14.4162574
35.9330809 14.4154754
35.9377805 14.4115789
35.9422702 14.4116635
35.9130326 14.4217471
35.9084495 14.4237403
35.9073719 14.4208888
35.9057483 14.4220889
35.9054853 14.4251575
35.9054245 14.4277329
35.8900242 14.5001291
35.8964225 14.486062
35.894634 14.4804271
35.8944547 14.4776817
35.8957629 14.4733285
35.8965895 14.468323
35.8963689 14.4662974
35.9021565 14.4517386
35.8867766 14.4960959
35.8863207 14.4942579
35.8860094 14.4916455
35.8860122 14.4896793
35.8869879 14.4869475
35.8875962 14.4832196
35.8880701 14.4808938
35.8887771 14.4787607
35.8895145 14.476101
35.8899549 14.4740146
35.8865555 14.4949337
35.8874387 14.4968486
35.9134617 14.4419374
35.9133297 14.4385559
35.9124707 14.4345475
35.9114473 14.4328085
35.9097409 14.4306734
35.9097637 14.4271637
35.9107728 14.4290587
35.9124716 14.4327883
35.9136093 14.4423547
35.8941582 14.5102076
35.892694 14.4502277
35.8883004 14.4359842
35.8834325 14.4135161
35.8830524 14.4090387
35.8827313 14.4030921
35.8845181 14.4014589
35.8847539 14.3985432
35.8835752 14.3916307
35.8824119 14.3919141
35.8833675 14.3967529
35.8848376 14.3955291
35.884652 14.4015492
35.8837824 14.4034303
35.8909055 14.4473458
35.8941176 14.5100364
35.8898758 14.4723523
35.89033 14.4699141
35.8913947 14.4660129
35.8928025 14.461764
35.8928929 14.4587735
35.8816746 14.401904
35.8802832 14.4010447
35.8782748 14.400502
35.8764002 14.3988699
35.8754516 14.3964063
35.8761548 14.3955944
35.8777112 14.3952817
35.8786109 14.3940922
35.8806021 14.3929039
35.8866815 14.391536
35.887266 14.3922172
35.8882884 14.3944126
35.8893673 14.3959093
35.891135 14.3979008
35.8939251 14.3985446
35.894741 14.4002464
35.8939544 14.4010417
35.8923628 14.4004999
35.8912795 14.399191
35.8909036 14.3979666
35.8930817 14.4570249
35.8900518 14.4724622
35.873299 14.3942536
35.8698919 14.3908381
35.8683484 14.3906669
35.8661885 14.3897041
35.864462 14.3893446
35.8630708 14.387514
35.8617894 14.3842001
35.8615221 14.3823266
35.8608178 14.380103
35.8610286 14.3777393
35.8627133 14.3784481
35.8639186 14.377111
35.8620872 14.3765974
35.8599613 14.3794593
35.8595787 14.3822099
35.8607604 14.3830073
35.8551615 14.3940007
35.8730813 14.401381
35.8724673 14.3997449
35.875171 14.3983139
35.8766281 14.39291
35.8775758 14.3915829
35.8798067 14.3902887
35.8814442 14.3905395
35.894068 14.5098178
35.8972914 14.4553369
35.9000975 14.4539958
35.9017898 14.4488405
35.9010746 14.4482768
35.898393 14.4496157
35.8984635 14.4518929
35.8962223 14.4516028
35.8944085 14.4481105
35.8934265 14.4447864
35.8934286 14.441989
35.8922085 14.4369565
35.8896629 14.4344915
35.8888197 14.4318085
35.891253 14.431811
35.8933492 14.4318388
35.8935609 14.432659
35.8934338 14.4355813
35.8963206 14.4354129
35.8983217 14.4405869
35.8971321 14.4376338
35.8928685 14.4383948
35.8919684 14.4411676
35.8970016 14.4459213
35.898243 14.4472654
35.9005672 14.4519836
35.8973126 14.4569473
35.8891672 14.4189933
35.8904799 14.4217363
35.8923897 14.4258972
35.894246 14.4203824
35.8939699 14.416769
35.8913994 14.4182067
35.8603547 14.3762903
35.8603392 14.3722421
35.858557 14.3726505
35.8558386 14.3773417
35.8579766 14.3808138
35.8600895 14.3864599
35.8594752 14.3910791
35.8556989 14.3932036
35.8603388 14.3975918
35.8625419 14.3978108
35.8647381 14.3962003
35.8666922 14.3952803
35.8692559 14.3951891
35.8940369 14.5096322
35.8850595 14.489609
35.8826878 14.4862622
35.8801098 14.4838708
35.8784074 14.4842364
35.8792384 14.4789049
35.8784147 14.4768181
35.8761783 14.4748199
35.8767793 14.4709387
35.8782158 14.4693355
35.8760805 14.4653825
35.8752601 14.4662824
35.8749993 14.4628961
35.8746602 14.4563596
35.8735431 14.452976
35.8735388 14.4499786
35.8737072 14.446021
35.8733877 14.4431323
35.873015 14.4416463
35.8753829 14.4457716
35.8762268 14.4441041
35.8783299 14.4408658
35.8780691 14.4387522
35.8746939 14.4345492
35.8725455 14.435492
35.8709252 14.4349086
35.8703698 14.4360606
35.8686821 14.4359387
35.870021 14.4339403
35.8746669 14.434422
35.876011 14.4364482
35.8775916 14.4671984
35.8785657 14.4706088
35.8783174 14.4720478
35.8778833 14.4741453
35.8783877 14.4838599
35.8806216 14.4848178
35.8840881 14.4885979
35.8939926 14.5094924
35.8781648 14.4805612
35.8762218 14.4775343
35.8751699 14.4753778
35.874745 14.4704653
35.8713142 14.4516711
35.8687516 14.4471033
35.8602776 14.4441247
35.8585081 14.4421318
35.8569592 14.4402945
35.8561119 14.438999
35.854557 14.4384746
35.8533254 14.4380827
35.854519 14.4377813
35.8562103 14.4348925
35.8563212 14.430833
35.8569766 14.42996
35.8581309 14.4325966
35.8579635 14.4360673
35.8577201 14.4381554
35.8586113 14.4414083
35.858394 14.4441716
35.8606102 14.444696
35.8697705 14.4492216
35.8755372 14.4726098
35.8950446 14.3465207
35.8945139 14.3494933
35.8950017 14.3522801
35.89395 14.3570974
35.8928897 14.3620142
35.8977512 14.3647695
35.8952146 14.3692012
35.9000653 14.3788491
35.8952695 14.3809367
35.8847906 14.3881723
35.8519896 14.4401
35.8500786 14.4338934
35.8428169 14.434281
35.8376224 14.4277364
35.834502 14.4230349
35.8709477 14.4489374
35.887818 14.4425449
35.8837847 14.39097
35.8861621 14.3799609
35.8924489 14.362895
35.8905125 14.3653107
35.8997237 14.3498249
35.8934015 14.4256543
35.9020796 14.4263491
35.9041803 14.4263323
35.8958426 14.4355577
35.9014586 14.4346759
35.9166715 14.4533709
35.9127049 14.4623214
35.9114962 14.4652095
