225
35.8494118 14.495967
35.8548313 14.4922893
35.8556994 14.4869488
35.8709795 14.4826734
35.8787152 14.4845224
35.9014288 14.479873
35.9008452 14.4765783
35.9019175 14.4756107
35.9017712 14.4756147
35.9000773 14.4849531
35.9233254 14.4770826
35.927252 14.4715102
35.9388912 14.4564603
35.9486037 14.4275008
35.9451649 14.4135289
35.9477404 14.3836845
35.952143 14.3870154
35.9549515 14.3717922
35.9592181 14.361874
35.9648488 14.3604563
35.9693123 14.3496861
35.9860511 14.3421398
35.9866555 14.3324568
35.9872609 14.3282962
35.9879981 14.3288365
35.9235998 14.4777176
35.8999174 14.4854056
35.9017872 14.4754663
35.858038 14.4847525
35.8488557 14.4967201
35.8754289 14.5032818
35.8491226 14.4963707
35.8478056 14.4992709
35.8226414 14.5028329
35.8207536 14.5076823
35.8152445 14.5174804
35.8153967 14.5210746
35.8148486 14.5247217
35.8183743 14.5304006
35.8205361 14.5298548
35.8233341 14.5289589
35.8250442 14.5281247
35.8272947 14.527377
35.8295707 14.5298261
35.8318584 14.5305087
35.8350948 14.5318283
35.8340482 14.5324545
35.8326015 14.5350434
35.8330078 14.5368648
35.8313584 14.5431861
35.8342794 14.5450485
35.8358148 14.5442697
35.8370322 14.5433156
35.83892 14.5427056
35.8409636 14.5431487
35.8422044 14.5427437
35.8431287 14.5411144
35.8453516 14.5378026
35.8441818 14.539454
35.8465102 14.5354491
35.8474502 14.5263453
35.8491862 14.5257767
35.8496894 14.5282361
35.8501297 14.5315272
35.8509678 14.5361459
35.8527733 14.538466
35.8559969 14.5437111
35.8567324 14.5459752
35.855969 14.5512749
35.8562418 14.5537493
35.8552415 14.555994
35.8566579 14.5605795
35.8568415 14.5636308
35.8554204 14.5649676
35.8555777 14.5668009
35.8581744 14.5689252
35.8591505 14.5693463
35.8607775 14.5698814
35.8629757 14.5695636
35.8625356 14.566475
35.8641262 14.5616215
35.8658803 14.5631249
35.8636567 14.5616716
35.8624459 14.5646632
35.861029 14.5701537
35.855439 14.5649987
35.8563798 14.5473175
35.8511232 14.5375465
35.8504406 14.5335026
35.8474985 14.5264874
35.8429304 14.5447605
35.8352968 14.5522453
35.8426608 14.5486481
35.8392925 14.5440148
35.8375688 14.5445509
35.8358229 14.5442989
35.8322834 14.5332844
35.8341008 14.5313595
35.8342911 14.5299178
35.8296882 14.5321891
35.8275564 14.5332786
35.8259944 14.5321422
35.8260596 14.5295505
35.8233552 14.5291405
35.8597004 14.4944161
35.8639164 14.5023099
35.8686939 14.5070845
35.8708978 14.5072541
35.8998156 14.4829079
35.9211054 14.4907238
35.9188382 14.4896687
35.9171231 14.4934556
35.9145432 14.4935207
35.9147545 14.4964069
35.9162513 14.4984351
35.9172749 14.5001337
35.91535 14.5041998
35.9130942 14.506844
35.9107337 14.5091549
35.9099501 14.5100984
35.9070201 14.5083748
35.9088306 14.5041069
35.9080415 14.5002786
35.9060426 14.497491
35.902769 14.494644
35.9016981 14.4915971
35.9048162 14.4916437
35.9054572 14.4888481
35.8638451 14.5038541
35.8925621 14.4807526
35.8930715 14.4767267
35.8937849 14.4731663
35.8946846 14.4700172
35.8953041 14.4658438
35.8969436 14.461304
35.8970411 14.4591225
35.8956572 14.4509261
35.8940466 14.4501519
35.8892619 14.4404514
35.8872237 14.432154
35.884469 14.4195028
35.8843013 14.4015749
35.8842843 14.3939672
35.8883493 14.3970653
35.9104719 14.4123258
35.9145744 14.4157362
35.9174945 14.4146431
35.9465801 14.4135073
35.9492107 14.4134083
35.9509174 14.4106157
35.9496167 14.4086222
35.9524995 14.41157
35.9526489 14.4149198
35.9549037 14.4174857
35.9542639 14.4195519
35.9546596 14.4194797
35.9577331 14.4220699
35.9539481 14.4238056
35.9521318 14.4240155
35.9485189 14.422134
35.9473711 14.4203803
35.9460127 14.4187726
35.9456171 14.4152605
35.8841063 14.3912352
35.8847319 14.401403
35.8847626 14.4202772
35.8898215 14.4405359
35.8964608 14.4632074
35.8827313 14.4030921
35.8837824 14.4034303
35.8816746 14.401904
35.8802832 14.4010447
35.8782748 14.400502
35.8764002 14.3988699
35.8754516 14.3964063
35.873299 14.3942536
35.8698919 14.3908381
35.8683484 14.3906669
35.8661885 14.3897041
35.864462 14.3893446
35.8630708 14.387514
35.8617894 14.3842001
35.8595787 14.3822099
35.8607604 14.3830073
35.8558386 14.3773417
35.8579766 14.3808138
35.8585081 14.4421318
35.8569592 14.4402945
35.8561119 14.438999
35.854557 14.4384746
35.8533254 14.4380827
35.854519 14.4377813
35.8562103 14.4348925
35.8563212 14.430833
35.8569766 14.42996
35.8581309 14.4325966
35.8579635 14.4360673
35.8577201 14.4381554
35.8586113 14.4414083
35.8520429 14.4933752
35.8467135 14.4876448
35.8339389 14.4741044
35.8309118 14.4731744
35.8275555 14.4456632
35.822421 14.4573123
35.828194 14.4657702
35.8291473 14.4687939
35.830989 14.4706598
35.8195068 14.4538901
35.8519896 14.4401
35.8500786 14.4338934
35.8428169 14.434281
35.8376224 14.4277364
35.834502 14.4230349
35.8537201 14.3794405
35.8521135 14.3854762
35.8493629 14.3889002
35.8499905 14.4021897
35.8554866 14.4112231
35.856778 14.4221997
35.8325649 14.4388729
35.8409872 14.4775142
35.8489332 14.4831096
35.8469582 14.4864384
35.8521303 14.3855329
