247
36.042897 14.2413812
36.0438589 14.2439091
36.0437356 14.2451467
36.043239 14.2480078
36.0393049 14.2531072
36.0378442 14.2559557
36.0363964 14.2600313
36.0343005 14.2604054
36.034212 14.2636631
36.0325569 14.2685788
36.0292664 14.2758812
36.0286182 14.2798691
36.0249392 14.2870176
36.0238279 14.2901846
36.0257103 14.2949427
36.0238816 14.2982553
36.0300123 14.2727453
36.033234 14.2662567
36.0396239 14.2521811
36.0420615 14.2492568
36.0418423 14.2465098
36.0424499 14.2436408
36.0430279 14.2413437
36.0415174 14.240284
36.0396802 14.2438951
36.0385719 14.244284
36.0341545 14.2497908
36.0345214 14.2525006
36.0339233 14.2567658
36.0354573 14.2591193
36.0373645 14.2614712
36.0382747 14.2659241
36.0373117 14.2690167
36.036314 14.2773959
36.0379885 14.286164
36.0401718 14.2882843
36.0431503 14.2900237
36.0452544 14.2917173
36.0466653 14.2921016
36.0520488 14.2910062
36.0576998 14.2850244
36.0372532 14.2615333
36.0346338 14.2598834
36.0375273 14.2441976
36.0373249 14.2435557
36.0374335 14.2418715
36.0400234 14.2407007
36.0430785 14.2413678
36.0396162 14.2883477
36.0387996 14.2904261
36.0379958 14.2939036
36.0381294 14.2967011
36.0387054 14.2968949
36.0399491 14.2972121
36.0415432 14.2975366
36.0455506 14.299157
36.0486208 14.2998366
36.0514475 14.3004951
36.0398276 14.2994383
36.0383333 14.3099418
36.0368757 14.3106915
36.0346883 14.3094636
36.034067 14.3062457
36.0330117 14.3019387
36.0323588 14.2976667
36.0290488 14.2970182
36.0271639 14.2968166
36.0266948 14.294776
36.0267961 14.2927021
36.0272494 14.2910778
36.0264047 14.2901993
36.0248188 14.2889576
36.0253684 14.2879798
36.0264299 14.2900751
36.031052 14.2970753
36.0352169 14.3111529
36.0391759 14.3019877
36.0354017 14.3134934
36.0360393 14.3168859
36.0354183 14.3199057
36.0403444 14.3132153
36.0381834 14.3213338
36.043345 14.2412087
36.0375308 14.2419317
36.0353749 14.243128
36.0286225 14.2419907
36.0270998 14.2431843
36.0251974 14.2447427
36.0214427 14.2499032
36.0227459 14.2478769
36.0236078 14.2457289
36.0245618 14.242613
36.0247722 14.2405397
36.0250021 14.2384019
36.0258698 14.2352289
36.0282104 14.2332467
36.0306654 14.2345282
36.0315422 14.2366612
36.0350448 14.2379942
36.037366 14.2392549
36.0380914 14.239504
36.0402007 14.2397538
36.031514 14.2369616
36.030488 14.2311197
36.028154 14.2269328
36.0282017 14.2187387
36.0286107 14.2156506
36.0306763 14.2184355
36.0321717 14.2215214
36.0331789 14.2252486
36.0337463 14.2271144
36.0348317 14.2320289
36.0370178 14.2349337
36.0392959 14.2369927
36.040683 14.2371073
36.0409685 14.2399281
36.0417785 14.2512139
36.0410932 14.2550423
36.0424759 14.2659622
36.0459231 14.2663515
36.0474832 14.2659776
36.0492675 14.2654586
36.0510246 14.267037
36.0488669 14.2745675
36.0514505 14.270025
36.0485431 14.2705634
36.0510625 14.2750997
36.0523316 14.2705611
36.0499144 14.2638447
36.0491046 14.2617759
36.048637 14.2599897
36.0480667 14.2570218
36.0513196 14.2610827
36.0499599 14.2619893
36.048623 14.2674597
36.0473229 14.2666322
36.0444537 14.2420498
36.0465443 14.241622
36.0492733 14.238279
36.0497014 14.237223
36.0471754 14.2373
36.0454498 14.2367283
36.045645 14.234817
36.0483436 14.2299439
36.0536407 14.2195497
36.0554892 14.2174666
36.061149 14.2158694
36.0649358 14.2172925
36.0660014 14.2188433
36.0636012 14.2215443
36.0611011 14.2249167
36.0584321 14.2266606
36.0456479 14.2357901
36.0611869 14.2371199
36.064385 14.2361123
36.0677314 14.2348729
36.0691439 14.2355005
36.0721966 14.2362106
36.0734118 14.2373075
36.0742008 14.2384462
36.0749542 14.2372432
36.0765183 14.2382947
36.0755189 14.2394936
36.0718248 14.2370662
36.0463904 14.2429338
36.047337 14.2446307
36.049787 14.246359
36.0533341 14.2487794
36.057037 14.2509393
36.0615601 14.255575
36.0684604 14.2594487
36.0705215 14.2582024
36.0720101 14.2579123
36.0752003 14.25762
36.0761615 14.2559951
36.0761324 14.252446
36.0710183 14.2545609
36.0709915 14.2566758
36.068438 14.2594708
36.0544943 14.2176256
36.0555329 14.2145196
36.055933 14.2132495
36.055148 14.209532
36.055199 14.2070644
36.0545398 14.2033401
36.0530739 14.20182
36.0510008 14.2004862
36.0522379 14.1904446
36.055285 14.2033471
36.0560631 14.213212
36.055631 14.2145386
36.0431245 14.2413803
36.0451871 14.2380163
36.0575886 14.21114
36.05838 14.2105123
36.0595652 14.2091805
36.0620072 14.2049478
36.062784 14.2020381
36.0603253 14.200982
36.0593041 14.1980217
36.0578607 14.2005839
36.0564242 14.2019668
36.055302 14.2042628
36.0448027 14.2407072
36.0445133 14.2355283
36.0443171 14.2328551
36.0453428 14.2224954
36.04474 14.2192563
36.0421505 14.2199698
36.0414282 14.2208925
36.0407789 14.2233897
36.0409923 14.2250566
36.0415475 14.2270026
36.0406784 14.2287668
36.0420854 14.2298444
36.043237 14.231852
36.069767 14.2612568
36.0644329 14.2653565
36.0614622 14.2663246
36.0587389 14.268548
36.0553579 14.2683138
36.0528288 14.268916
36.0489007 14.2653516
36.0493332 14.268086
36.0504719 14.2775358
36.0391399 14.2903427
36.0403867 14.2946811
36.0368141 14.2968794
36.0357022 14.2976972
36.0505921 14.2773224
36.0326593 14.2529234
36.0309034 14.2555104
36.0300954 14.2567456
36.0292061 14.2586727
36.0305188 14.2601922
36.0319294 14.2607017
36.0321707 14.2612749
36.0322916 14.2634166
36.0324098 14.2667288
36.0298546 14.2859012
36.0299197 14.2892244
36.0287223 14.2898709
36.0272234 14.2886826
36.0279741 14.2859435
36.0280672 14.2827603
36.0392572 14.2381015
36.0388697 14.2369361
