1135
35.8494118 14.495967
35.8548313 14.4922893
35.8556994 14.4869488
35.8709795 14.4826734
35.8787152 14.4845224
35.9014288 14.479873
35.9008452 14.4765783
35.9019175 14.4756107
35.9017712 14.4756147
35.9000773 14.4849531
35.9233254 14.4770826
35.927252 14.4715102
35.9388912 14.4564603
35.9486037 14.4275008
35.9451649 14.4135289
35.9477404 14.3836845
35.952143 14.3870154
35.9549515 14.3717922
35.9592181 14.361874
35.9648488 14.3604563
35.9693123 14.3496861
35.9860511 14.3421398
35.9866555 14.3324568
35.9872609 14.3282962
35.9879981 14.3288365
35.9235998 14.4777176
35.8999174 14.4854056
35.9017872 14.4754663
35.858038 14.4847525
35.8488557 14.4967201
35.9482166 14.3988122
35.9466079 14.4083266
35.8761055 14.505778
35.8754289 14.5032818
35.8491226 14.4963707
35.8478056 14.4992709
35.8226414 14.5028329
35.8207536 14.5076823
35.8152445 14.5174804
35.8153967 14.5210746
35.8148486 14.5247217
35.8183743 14.5304006
35.8205361 14.5298548
35.8233341 14.5289589
35.8250442 14.5281247
35.8272947 14.527377
35.8295707 14.5298261
35.8318584 14.5305087
35.8350948 14.5318283
35.8340482 14.5324545
35.8326015 14.5350434
35.8330078 14.5368648
35.8313584 14.5431861
35.8342794 14.5450485
35.8358148 14.5442697
35.8370322 14.5433156
35.83892 14.5427056
35.8409636 14.5431487
35.8422044 14.5427437
35.8431287 14.5411144
35.8453516 14.5378026
35.8441818 14.539454
35.8465102 14.5354491
35.8474502 14.5263453
35.8491862 14.5257767
35.8496894 14.5282361
35.8501297 14.5315272
35.8509678 14.5361459
35.8527733 14.538466
35.8559969 14.5437111
35.8567324 14.5459752
35.855969 14.5512749
35.8562418 14.5537493
35.8552415 14.555994
35.8566579 14.5605795
35.8568415 14.5636308
35.8554204 14.5649676
35.8555777 14.5668009
35.8581744 14.5689252
35.8591505 14.5693463
35.8607775 14.5698814
35.8629757 14.5695636
35.8625356 14.566475
35.8641262 14.5616215
35.8658803 14.5631249
35.8636567 14.5616716
35.8624459 14.5646632
35.861029 14.5701537
35.855439 14.5649987
35.8563798 14.5473175
35.8511232 14.5375465
35.8504406 14.5335026
35.8474985 14.5264874
35.8429304 14.5447605
35.8352968 14.5522453
35.8426608 14.5486481
35.8392925 14.5440148
35.8375688 14.5445509
35.8358229 14.5442989
35.8322834 14.5332844
35.8341008 14.5313595
35.8342911 14.5299178
35.8296882 14.5321891
35.8275564 14.5332786
35.8259944 14.5321422
35.8260596 14.5295505
35.8233552 14.5291405
35.8597004 14.4944161
35.8639164 14.5023099
35.8686939 14.5070845
35.8708978 14.5072541
35.8998156 14.4829079
35.9211054 14.4907238
35.9188382 14.4896687
35.9171231 14.4934556
35.9145432 14.4935207
35.9147545 14.4964069
35.9162513 14.4984351
35.9172749 14.5001337
35.91535 14.5041998
35.9130942 14.506844
35.9107337 14.5091549
35.9099501 14.5100984
35.9070201 14.5083748
35.9088306 14.5041069
35.9080415 14.5002786
35.9060426 14.497491
35.902769 14.494644
35.9016981 14.4915971
35.9048162 14.4916437
35.9054572 14.4888481
35.8638451 14.5038541
35.8925621 14.4807526
35.8930715 14.4767267
35.8937849 14.4731663
35.8946846 14.4700172
35.8953041 14.4658438
35.8969436 14.461304
35.8970411 14.4591225
35.8956572 14.4509261
35.8940466 14.4501519
35.8892619 14.4404514
35.8872237 14.432154
35.884469 14.4195028
35.8843013 14.4015749
35.8842843 14.3939672
35.8883493 14.3970653
35.9104719 14.4123258
35.9145744 14.4157362
35.9174945 14.4146431
35.9465801 14.4135073
35.9492107 14.4134083
35.9509174 14.4106157
35.9496167 14.4086222
35.9524995 14.41157
35.9526489 14.4149198
35.9549037 14.4174857
35.9542639 14.4195519
35.9546596 14.4194797
35.9577331 14.4220699
35.9539481 14.4238056
35.9521318 14.4240155
35.9485189 14.422134
35.9473711 14.4203803
35.9460127 14.4187726
35.9456171 14.4152605
35.8841063 14.3912352
35.8847319 14.401403
35.8847626 14.4202772
35.8898215 14.4405359
35.8964608 14.4632074
35.8941699 14.509426
35.8896506 14.5008857
35.8868186 14.4972504
35.8829877 14.4917513
35.8694297 14.4807103
35.866682 14.481078
35.8635925 14.4775705
35.8604352 14.4838603
35.8200881 14.5027846
35.8179437 14.5028543
35.8129346 14.5047507
35.8127758 14.5067731
35.8131064 14.5114964
35.8840847 14.494271
35.8863982 14.4965068
35.8897967 14.5007116
35.8914893 14.5040276
35.892723 14.5043083
35.8940719 14.5063354
35.8952138 14.5080061
35.9234486 14.4836337
35.9231589 14.4738463
35.9347313 14.4618981
35.9432616 14.449882
35.9543754 14.4195322
35.9452628 14.4104615
35.9478085 14.4055017
35.9483747 14.403398
35.9482395 14.4012947
35.9475818 14.3951538
35.9473111 14.3931026
35.9462932 14.3904814
35.9459277 14.3882225
35.9449449 14.3858138
35.9532264 14.3830963
35.9540834 14.3758134
35.9556378 14.3697203
35.9562931 14.3658162
35.9565409 14.3655248
35.9570819 14.36225
35.9616013 14.3623871
35.9658985 14.3568047
35.9662167 14.3525739
35.9727807 14.3492015
35.9771592 14.3460268
35.9857527 14.3387254
35.9673408 14.351737
35.9541099 14.3752555
35.94887 14.4012311
35.948742 14.403394
35.9234962 14.4836353
35.8950762 14.5086572
35.8921241 14.5063293
35.8898946 14.500549
35.8921457 14.4974335
35.8959496 14.4944565
35.8946805 14.4909961
35.8960301 14.4889276
35.8999521 14.4907449
35.9016954 14.4929062
35.9092782 14.5045631
35.9088003 14.5038354
35.8999665 14.4946951
35.897948 14.494054
35.8968633 14.4925384
35.890324 14.5013868
35.9111575 14.506549
35.9436228 14.4225894
35.9483776 14.406641
35.949636 14.4073693
35.9516143 14.408631
35.9352791 14.4603762
35.9088393 14.5042518
35.8944984 14.5086523
35.8929172 14.5073794
35.8894348 14.500472
35.8798325 14.4899802
35.8782852 14.4922759
35.8772743 14.4951643
35.8736305 14.4960269
35.8732407 14.4989594
35.8732021 14.5068639
35.8730595 14.5095102
35.8738182 14.5122671
35.873487 14.5134306
35.8726531 14.5179141
35.8722537 14.5217789
35.8721662 14.5246057
35.8720586 14.5264524
35.8720543 14.5298266
35.8738593 14.5330024
35.8749319 14.5337413
35.8765435 14.5358643
35.878077 14.5389582
35.8760664 14.5429909
35.8746505 14.5465448
35.8721249 14.5531538
35.8710643 14.5573515
35.8670845 14.5619327
35.8587048 14.5625281
35.8665368 14.5618468
35.8719619 14.5531914
35.8769836 14.5387101
35.8755751 14.5358378
35.8730865 14.5068491
35.8736994 14.5045023
35.8728644 14.4966319
35.8899507 14.5009971
35.895019 14.5086567
35.8744679 14.5196128
35.8753438 14.5203933
35.8774732 14.5195784
35.8795634 14.5182661
35.8801077 14.5178039
35.8832013 14.5192611
35.8859703 14.5182894
35.8877324 14.5169079
35.8812536 14.5194508
35.878327 14.520839
35.8774409 14.5217897
35.8745708 14.5089092
35.8757327 14.5101135
35.8766899 14.5118277
35.8775527 14.5153729
35.8777823 14.5192695
35.8800311 14.5192117
35.8852238 14.523332
35.8877686 14.5219238
35.8847909 14.5216513
35.8848631 14.5234232
35.8861795 14.5270881
35.8867727 14.5291024
35.8855732 14.5326161
35.8861904 14.5338285
35.8892049 14.5365831
35.8905994 14.536449
35.8913516 14.5358991
35.8901817 14.5435984
35.8939904 14.5312526
35.8924989 14.5328382
35.8895852 14.5323326
35.8905556 14.5299322
35.8911136 14.5276004
35.8923612 14.5248094
35.8890505 14.5270897
35.8873773 14.5261858
35.8859366 14.5256011
35.894953 14.5086562
35.8775595 14.5234253
35.8806475 14.5225134
35.8820132 14.5245716
35.881529 14.5282146
35.8829372 14.5284104
35.8850957 14.5284226
35.881366 14.5270076
35.8943821 14.5086513
35.8915129 14.5054597
35.9239192 14.4787048
35.9252418 14.4749916
35.9276612 14.4717009
35.9253288 14.4743657
35.9271184 14.4772486
35.9289819 14.4776376
35.9299919 14.4785616
35.9290764 14.4814181
35.9287713 14.4831495
35.9284622 14.4852034
35.9271977 14.4823717
35.9255535 14.4800448
35.9242188 14.481976
35.9272533 14.4867934
35.9284455 14.4889337
35.9273927 14.4889423
35.9252093 14.4913208
35.9237341 14.4921049
35.894326 14.5086508
35.9246858 14.4799027
35.9241428 14.4786769
35.9303111 14.4704718
35.9342144 14.4734311
35.9008638 14.4975865
35.8995732 14.5004106
35.8978524 14.4968703
35.8942679 14.5086503
35.8991072 14.4932091
35.9228477 14.4856355
35.9215776 14.4859162
35.9202589 14.4829078
35.9195407 14.480281
35.9196662 14.4787258
35.9203364 14.4774917
35.9204003 14.4757292
35.9187538 14.4740689
35.9192709 14.4714245
35.9174461 14.4683947
35.9216601 14.4688439
35.9235086 14.4674787
35.9252006 14.4680929
35.92734 14.4646034
35.9262062 14.4630128
35.9223986 14.4672024
35.9193511 14.4703889
35.9208562 14.4732639
35.9217557 14.4748789
35.9036296 14.4924045
35.9061446 14.4934612
35.9093537 14.4944828
35.9100059 14.4962212
35.9105403 14.4988015
35.9120903 14.5007622
35.9132493 14.50119
35.9156078 14.4997831
35.9088426 14.5043403
35.9096013 14.5009793
35.9114037 14.4931035
35.9115309 14.4905296
35.9114614 14.4869998
35.911559 14.4881781
35.9138618 14.4894488
35.9137388 14.4870976
35.9134643 14.4823247
35.9134366 14.4797219
35.9120165 14.4774525
35.9098256 14.4765365
35.9088241 14.4768423
35.9084384 14.476462
35.9091755 14.4739702
35.9097469 14.4708942
35.91031 14.4689593
35.9087176 14.468168
35.9065951 14.4688305
35.9042466 14.4700509
35.9039359 14.4722691
35.9005118 14.4735432
35.9019871 14.4692463
35.9027747 14.4667585
35.9014841 14.4661322
35.9004792 14.465756
35.9031016 14.466953
35.9114735 14.4761938
35.8942012 14.5095571
35.9061217 14.4866169
35.9064591 14.4796136
35.9066277 14.4741198
35.9086112 14.4717032
35.9079595 14.4700617
35.9087227 14.4802431
35.9096132 14.4824198
35.9107098 14.484795
35.9079304 14.4787263
35.9013624 14.48036
35.8997123 14.4841942
35.8942398 14.509705
35.8999347 14.48479
35.9019352 14.4696455
35.9045203 14.4639891
35.9041553 14.4623315
35.9034753 14.4592041
35.9025841 14.4547474
35.9036904 14.4531933
35.9068841 14.4530216
35.9097322 14.4520748
35.9142703 14.4506103
35.9156839 14.4499543
35.9151757 14.4470129
35.9140339 14.4441213
35.9124837 14.4432997
35.9108491 14.4423658
35.9079464 14.4406137
35.9071932 14.4398206
35.9051851 14.4378068
35.9054468 14.4349859
35.9064573 14.4305378
35.9080023 14.4283221
35.9098907 14.4251868
35.9097409 14.4253309
35.911687 14.4232888
35.9143897 14.4206317
35.9158365 14.419038
35.9250745 14.4158212
35.9289261 14.4162574
35.9330809 14.4154754
35.9377805 14.4115789
35.9422702 14.4116635
35.9545613 14.4193468
35.9521332 14.41524
35.9495885 14.4140813
35.9130326 14.4217471
35.9084495 14.4237403
35.9073719 14.4208888
35.9057483 14.4220889
35.9054853 14.4251575
35.9054245 14.4277329
35.90536 14.4378504
35.8980147 14.4786215
35.8968834 14.4771735
35.8971224 14.4744766
35.8969681 14.4706973
35.8992712 14.4721055
35.8943144 14.5099766
35.8900242 14.5001291
35.8964225 14.486062
35.894634 14.4804271
35.8944547 14.4776817
35.8957629 14.4733285
35.8965895 14.468323
35.8963689 14.4662974
35.898762 14.4582871
35.9000372 14.4556104
35.9018264 14.4526756
35.9021565 14.4517386
35.9037672 14.4507774
35.9047141 14.4447109
35.9051961 14.4373911
35.9095843 14.4253133
35.8976397 14.4605626
35.8867766 14.4960959
35.8863207 14.4942579
35.8860094 14.4916455
35.8860122 14.4896793
35.8869879 14.4869475
35.8875962 14.4832196
35.8880701 14.4808938
35.8887771 14.4787607
35.8895145 14.476101
35.8899549 14.4740146
35.8902376 14.4727834
35.893371 14.4704437
35.894415 14.4682002
35.8952809 14.4653732
35.8952314 14.4651196
35.8902213 14.4727828
35.8865555 14.4949337
35.8874387 14.4968486
35.8944169 14.5103317
35.9127779 14.446544
35.9103969 14.4456831
35.8943706 14.5101391
35.9062624 14.4199666
35.9037317 14.4130178
35.9078448 14.4043947
35.9123499 14.3951797
35.9142225 14.3895914
35.9188635 14.3802036
35.9185573 14.3762966
35.9190165 14.3729268
35.919539 14.3699013
35.9194383 14.3672008
35.9217079 14.3668878
35.9266178 14.368815
35.9287042 14.3666746
35.9275094 14.3554133
35.9274247 14.3542613
35.9345527 14.3591174
35.9398538 14.3550217
35.9396713 14.353525
35.9347122 14.3462179
35.9307504 14.3474685
35.9212355 14.3790923
35.9058489 14.4180268
35.9060318 14.4384822
35.9134617 14.4419374
35.9133297 14.4385559
35.9124707 14.4345475
35.9114473 14.4328085
35.9097409 14.4306734
35.9097637 14.4271637
35.9539296 14.4238111
35.9545947 14.419392
35.9107728 14.4290587
35.9124716 14.4327883
35.9136093 14.4423547
35.9052908 14.4390229
35.9168053 14.4491082
35.9178182 14.4481802
35.921936 14.4509428
35.9215146 14.4523081
35.920952 14.4539094
35.9239571 14.4551915
35.9248856 14.4545424
35.9239495 14.4529814
35.9236215 14.4514847
35.9179881 14.4481708
35.8878017 14.4932118
35.8929299 14.4937898
35.8903017 14.4913544
35.8888415 14.4902077
35.8886926 14.4892649
35.8902637 14.4876154
35.8917979 14.485593
35.9131689 14.4335957
35.9147699 14.4318616
35.9175721 14.4296354
35.9185062 14.4294637
35.9189764 14.4286805
35.9186869 14.4249138
35.9181152 14.4205695
35.9170986 14.4184452
35.9104491 14.4166763
35.9109346 14.4186142
35.9118807 14.4191144
35.8912889 14.4921527
35.9480186 14.4083239
35.8941582 14.5102076
35.892694 14.4502277
35.8883004 14.4359842
35.8834325 14.4135161
35.8830524 14.4090387
35.8827313 14.4030921
35.8845181 14.4014589
35.8847539 14.3985432
35.8835752 14.3916307
35.8824119 14.3919141
35.8833675 14.3967529
35.8848376 14.3955291
35.884652 14.4015492
35.8837824 14.4034303
35.8909055 14.4473458
35.8941176 14.5100364
35.8898758 14.4723523
35.89033 14.4699141
35.8913947 14.4660129
35.8928025 14.461764
35.8928929 14.4587735
35.8816746 14.401904
35.8802832 14.4010447
35.8782748 14.400502
35.8764002 14.3988699
35.8754516 14.3964063
35.8761548 14.3955944
35.8777112 14.3952817
35.8786109 14.3940922
35.8806021 14.3929039
35.8866815 14.391536
35.887266 14.3922172
35.8882884 14.3944126
35.8893673 14.3959093
35.891135 14.3979008
35.8939251 14.3985446
35.894741 14.4002464
35.8939544 14.4010417
35.8923628 14.4004999
35.8912795 14.399191
35.8909036 14.3979666
35.8930817 14.4570249
35.8900518 14.4724622
35.873299 14.3942536
35.8698919 14.3908381
35.8683484 14.3906669
35.8661885 14.3897041
35.864462 14.3893446
35.8630708 14.387514
35.8617894 14.3842001
35.8615221 14.3823266
35.8608178 14.380103
35.8610286 14.3777393
35.8627133 14.3784481
35.8639186 14.377111
35.8620872 14.3765974
35.8599613 14.3794593
35.8595787 14.3822099
35.8607604 14.3830073
35.8551615 14.3940007
35.8730813 14.401381
35.8724673 14.3997449
35.875171 14.3983139
35.8766281 14.39291
35.8775758 14.3915829
35.8798067 14.3902887
35.8814442 14.3905395
35.894068 14.5098178
35.8972914 14.4553369
35.9000975 14.4539958
35.9017898 14.4488405
35.9010746 14.4482768
35.898393 14.4496157
35.8984635 14.4518929
35.8962223 14.4516028
35.8944085 14.4481105
35.8934265 14.4447864
35.8934286 14.441989
35.8922085 14.4369565
35.8896629 14.4344915
35.8888197 14.4318085
35.891253 14.431811
35.8933492 14.4318388
35.8935609 14.432659
35.8934338 14.4355813
35.8963206 14.4354129
35.8983217 14.4405869
35.8971321 14.4376338
35.8928685 14.4383948
35.8919684 14.4411676
35.8970016 14.4459213
35.898243 14.4472654
35.9005672 14.4519836
35.8973126 14.4569473
35.8891672 14.4189933
35.8904799 14.4217363
35.8923897 14.4258972
35.894246 14.4203824
35.8939699 14.416769
35.8913994 14.4182067
35.8603547 14.3762903
35.8603392 14.3722421
35.858557 14.3726505
35.8558386 14.3773417
35.8579766 14.3808138
35.8600895 14.3864599
35.8594752 14.3910791
35.8556989 14.3932036
35.8603388 14.3975918
35.8625419 14.3978108
35.8647381 14.3962003
35.8666922 14.3952803
35.8692559 14.3951891
35.8953244 14.4650942
35.8940369 14.5096322
35.8850595 14.489609
35.8826878 14.4862622
35.8801098 14.4838708
35.8784074 14.4842364
35.8792384 14.4789049
35.8784147 14.4768181
35.8761783 14.4748199
35.8767793 14.4709387
35.8782158 14.4693355
35.8760805 14.4653825
35.8752601 14.4662824
35.8749993 14.4628961
35.8746602 14.4563596
35.8735431 14.452976
35.8735388 14.4499786
35.8737072 14.446021
35.8733877 14.4431323
35.873015 14.4416463
35.8753829 14.4457716
35.8762268 14.4441041
35.8783299 14.4408658
35.8780691 14.4387522
35.8746939 14.4345492
35.8725455 14.435492
35.8709252 14.4349086
35.8703698 14.4360606
35.8686821 14.4359387
35.870021 14.4339403
35.8746669 14.434422
35.876011 14.4364482
35.8775916 14.4671984
35.8785657 14.4706088
35.8783174 14.4720478
35.8778833 14.4741453
35.8783877 14.4838599
35.8806216 14.4848178
35.8840881 14.4885979
35.8939926 14.5094924
35.8781648 14.4805612
35.8762218 14.4775343
35.8751699 14.4753778
35.874745 14.4704653
35.8713142 14.4516711
35.8687516 14.4471033
35.8602776 14.4441247
35.8585081 14.4421318
35.8569592 14.4402945
35.8561119 14.438999
35.854557 14.4384746
35.8533254 14.4380827
35.854519 14.4377813
35.8562103 14.4348925
35.8563212 14.430833
35.8569766 14.42996
35.8581309 14.4325966
35.8579635 14.4360673
35.8577201 14.4381554
35.8586113 14.4414083
35.858394 14.4441716
35.8606102 14.444696
35.8697705 14.4492216
35.8755372 14.4726098
35.8939313 14.5093034
35.8795176 14.4732763
35.8808216 14.4683035
35.8802574 14.4655912
35.8786026 14.46497
35.8781159 14.4636203
35.8773085 14.4631147
35.8784614 14.4650808
35.8820494 14.469265
35.8813127 14.4718748
35.8798034 14.4759089
35.8807151 14.4808696
35.8820168 14.4777784
35.8819332 14.4730268
35.8857463 14.4749819
35.8881983 14.4742258
35.8917582 14.4592085
35.8902546 14.463695
35.8881367 14.4699692
35.8825569 14.4749513
35.8948953 14.5086557
35.8736806 14.4935563
35.8686006 14.4900026
35.8656466 14.4903807
35.863505 14.489345
35.8618851 14.4899395
35.8593548 14.4919565
35.8584026 14.4903995
35.8597222 14.4890343
35.8579875 14.4885313
35.8568299 14.4882565
35.8520429 14.4933752
35.8467135 14.4876448
35.8448607 14.4856084
35.8432915 14.4838292
35.8414177 14.4832998
35.840848 14.4833386
35.8393803 14.4833091
35.8372206 14.4838965
35.8355292 14.4860448
35.8342873 14.485494
35.8330538 14.4849165
35.8333492 14.4838096
35.8325328 14.4811136
35.8327611 14.4800944
35.834402 14.4761172
35.8339389 14.4741044
35.8309118 14.4731744
35.8333871 14.4801658
35.837079 14.4838933
35.8380867 14.4832657
35.8432234 14.4825956
35.8444823 14.4839421
35.894836 14.5086552
35.8452691 14.4843963
35.8478599 14.4829349
35.8473892 14.475874
35.8467244 14.4727751
35.8446106 14.4701193
35.8449639 14.4676591
35.844978 14.4661443
35.8434561 14.4638403
35.8421263 14.4647316
35.8412057 14.4644397
35.8376642 14.4634405
35.8351815 14.4623322
35.8338866 14.4606303
35.8343531 14.4580266
35.8730606 14.4882484
35.8447769 14.4896297
35.8424657 14.4873378
35.8404458 14.486348
35.831711 14.4806685
35.8294364 14.4799818
35.8275716 14.4810051
35.8258101 14.4797941
35.8252588 14.4783322
35.826867 14.4752973
35.8265703 14.4728772
35.8282719 14.4732574
35.8291471 14.4749661
35.8302853 14.4752139
35.8674495 14.4795866
35.8649152 14.4768772
35.8622307 14.4730128
35.8569875 14.469316
35.8536918 14.4645001
35.8471446 14.4563368
35.8458586 14.459011
35.8431495 14.4678944
35.8325395 14.4604768
35.8277956 14.4501127
35.8275555 14.4456632
35.822421 14.4573123
35.828194 14.4657702
35.8291473 14.4687939
35.830989 14.4706598
35.8315049 14.4540925
35.8315588 14.4566426
35.8674301 14.4795956
35.8195068 14.4538901
35.8946638 14.5086537
35.8633297 14.5049911
35.8642028 14.5068244
35.8632734 14.5083791
35.8622159 14.5092588
35.8618521 14.507566
35.8605713 14.5038415
35.8601975 14.5015394
35.861454 14.5015314
35.8624203 14.503122
35.8632321 14.5044013
35.8647138 14.5075765
35.8562056 14.5196042
35.8533903 14.5235859
35.8543867 14.530514
35.8538528 14.5311214
35.8528526 14.5277611
35.8508046 14.5263334
35.8500933 14.5253423
35.8496744 14.5251591
35.8429332 14.5280001
35.8389229 14.5279291
35.8372259 14.5282422
35.8596059 14.5170753
35.8609885 14.5159727
35.8947297 14.5086543
35.8694482 14.508181
35.8677481 14.5111986
35.8648669 14.5125353
35.862585 14.513002
35.8525874 14.5229924
35.8185853 14.5308539
35.8193008 14.527925
35.8201882 14.5267717
35.8188093 14.5256934
35.8187788 14.5238721
35.8210255 14.5235556
35.8207319 14.5250604
35.8205573 14.5266537
35.849636 14.5250256
35.8651189 14.5110861
35.868244 14.5100898
35.8946099 14.5086532
35.8663754 14.5067666
35.8645816 14.5136006
35.8641623 14.5168265
35.8641936 14.5188752
35.8661603 14.5203731
35.8676692 14.5231037
35.8682585 14.5281088
35.8637784 14.530524
35.8599265 14.5318088
35.8580842 14.5313045
35.8560549 14.5305441
35.8549665 14.5329189
35.8553677 14.5343026
35.8549793 14.5373152
35.8563897 14.5391393
35.8566657 14.5406896
35.854344 14.5415318
35.8674888 14.523109
35.8947878 14.5086548
35.8713425 14.5029831
35.8705709 14.5053676
35.8487003 14.52414
35.8481936 14.5206374
35.8477762 14.5183012
35.8473414 14.5154902
35.8484763 14.5138085
35.8498025 14.5118827
35.8507449 14.5080364
35.8508612 14.5064941
35.8491916 14.5039567
35.8482555 14.5029028
35.8490937 14.5018512
35.8507091 14.4998074
35.8513461 14.5014945
35.8507417 14.5048445
35.8488817 14.5245589
35.8945547 14.5086528
35.8944382 14.5086518
35.8710773 14.534727
35.8712099 14.5345983
35.8714381 14.5378464
35.8709295 14.5405903
35.8699906 14.5432189
35.8664172 14.5475399
35.8624416 14.5499754
35.8626915 14.5570242
35.8628089 14.5601517
35.8704861 14.564352
35.8697319 14.5667312
35.8675514 14.5712261
35.8668324 14.5691505
35.8665368 14.5672676
35.8656695 14.56366
35.8624285 14.5585746
35.8624786 14.5499098
35.8691733 14.5437768
35.8635527 14.5651014
35.8646185 14.5679918
35.8633342 14.5718691
35.8612742 14.5731761
35.8803467 14.5409578
35.881508 14.5415242
35.8845204 14.5402606
35.8851299 14.5393592
35.8861023 14.5388174
35.8848278 14.5420521
35.8845584 14.5449489
35.8846654 14.5468616
35.8860745 14.546381
35.8868588 14.5453401
35.8874181 14.5455015
35.8887024 14.5474112
35.8879016 14.5499339
35.886482 14.551702
35.8864705 14.5498739
35.8868135 14.5484162
35.8857731 14.5478538
35.882809 14.5418403
35.8777388 14.5402309
35.9411111 14.353399
35.9402403 14.3555662
35.9266711 14.3708836
35.9232871 14.3776278
35.9244838 14.3730703
35.9809514 14.3335261
35.9609143 14.3424926
35.9263593 14.3990435
35.911645 14.4343923
35.9096149 14.4372676
35.9100331 14.4400719
35.911425 14.442129
35.9122967 14.4410254
35.9193446 14.4461578
35.923122 14.4445324
35.9243426 14.4414733
35.9284368 14.4381568
35.9339468 14.4363329
35.9351456 14.4427675
35.937389 14.442333
35.9094541 14.4376324
35.9173279 14.4125133
35.9224269 14.4042376
35.8950446 14.3465207
35.8945139 14.3494933
35.8950017 14.3522801
35.89395 14.3570974
35.8928897 14.3620142
35.8977512 14.3647695
35.8952146 14.3692012
35.9000653 14.3788491
35.8952695 14.3809367
35.8847906 14.3881723
35.8519896 14.4401
35.8500786 14.4338934
35.8428169 14.434281
35.8376224 14.4277364
35.834502 14.4230349
35.8709477 14.4489374
35.887818 14.4425449
35.8837847 14.39097
35.8861621 14.3799609
35.8924489 14.362895
35.8905125 14.3653107
35.8997237 14.3498249
35.9101102 14.5014435
35.9089067 14.4907871
35.9064561 14.4744846
35.9065995 14.4717139
35.8977481 14.4677335
35.8962924 14.4773611
35.8991333 14.4766317
35.9011886 14.4798866
35.8276433 14.4683571
35.8266876 14.4703031
35.8249728 14.4681466
35.8233635 14.4684952
35.8318812 14.4694642
35.8266615 14.4769992
35.8306955 14.4815066
35.8603526 14.4855702
35.878272 14.4841929
35.9068471 14.4765472
35.9068797 14.4814745
35.9101862 14.4733795
35.912995 14.4783842
35.9151295 14.4795694
35.9159777 14.4850761
35.9183947 14.4895597
35.9163003 14.487906
35.8782432 14.4838054
35.8922661 14.5074999
35.8907234 14.5051187
35.8926934 14.506764
35.8638871 14.5564315
35.8653282 14.5563725
35.8653 14.5575607
35.8643435 14.5595294
35.8780865 14.5310953
35.879321 14.5306474
35.8755394 14.5324123
35.8875081 14.5026503
35.8868184 14.4985843
35.8858905 14.5009875
35.8872704 14.5033318
35.8894018 14.5068292
35.8912796 14.5092539
35.8931111 14.5106873
35.8936825 14.5089788
35.8952612 14.5114926
35.8965934 14.5129395
35.8977525 14.5148277
35.8988367 14.5165272
35.8997796 14.5171425
35.9005524 14.5163907
35.9016983 14.5164713
35.9014042 14.5147585
35.9017068 14.5127892
35.9002377 14.5109246
35.8992887 14.5141799
35.8998825 14.5131344
35.9008446 14.5184928
35.8981559 14.5180542
35.8971376 14.5160052
35.8966411 14.5146495
35.8950922 14.513582
35.8940464 14.5126522
35.8509917 14.5129421
35.850983 14.5156163
35.8492242 14.5148599
35.848281 14.5071025
35.8470544 14.5058021
35.8485328 14.5054293
35.8533005 14.495206
35.8648978 14.4801494
35.8641653 14.4785281
35.8642892 14.4777676
35.8654978 14.4797766
35.8700737 14.483163
35.8782261 14.4840049
35.8501373 14.5102841
35.9012484 14.4799992
35.8843386 14.4185172
35.8934015 14.4256543
35.9020796 14.4263491
35.9041803 14.4263323
35.8958426 14.4355577
35.8537201 14.3794405
35.8521135 14.3854762
35.8493629 14.3889002
35.8499905 14.4021897
35.8554866 14.4112231
35.856778 14.4221997
35.8325649 14.4388729
35.8409872 14.4775142
35.8489332 14.4831096
35.8469582 14.4864384
35.8521303 14.3855329
35.9014586 14.4346759
35.9166715 14.4533709
35.9127049 14.4623214
35.9114962 14.4652095
35.9053616 14.4374508
35.954629 14.4194382
35.8726038 14.4969871
35.954467 14.4199949
35.9416931 14.3808648
35.9410101 14.3762836
35.9379275 14.3666598
35.94928 14.4150298
35.9493803 14.4164168
35.951424 14.4171077
35.9142018 14.4200787
35.909604 14.4345868
35.9171963 14.4183353
35.913188 14.4335494
35.9067986 14.437851
35.9181282 14.4458695
35.9202678 14.4421801
35.9206299 14.4420422
35.9160602 14.4482017
