323
35.8548313 14.4922893
35.8556994 14.4869488
35.8709795 14.4826734
35.9014288 14.479873
35.9008452 14.4765783
35.9019175 14.4756107
35.9017712 14.4756147
35.9017872 14.4754663
35.858038 14.4847525
35.8488557 14.4967201
35.8754289 14.5032818
35.8205361 14.5298548
35.8233341 14.5289589
35.8250442 14.5281247
35.8272947 14.527377
35.8295707 14.5298261
35.8318584 14.5305087
35.8350948 14.5318283
35.8340482 14.5324545
35.8326015 14.5350434
35.8330078 14.5368648
35.8313584 14.5431861
35.8342794 14.5450485
35.8358148 14.5442697
35.8370322 14.5433156
35.83892 14.5427056
35.8409636 14.5431487
35.8422044 14.5427437
35.8431287 14.5411144
35.8453516 14.5378026
35.8441818 14.539454
35.8465102 14.5354491
35.8474502 14.5263453
35.8491862 14.5257767
35.8496894 14.5282361
35.8501297 14.5315272
35.8527733 14.538466
35.8559969 14.5437111
35.8567324 14.5459752
35.855969 14.5512749
35.8562418 14.5537493
35.8552415 14.555994
35.8566579 14.5605795
35.8568415 14.5636308
35.8554204 14.5649676
35.8555777 14.5668009
35.8581744 14.5689252
35.8591505 14.5693463
35.8607775 14.5698814
35.8629757 14.5695636
35.8625356 14.566475
35.8641262 14.5616215
35.8658803 14.5631249
35.8636567 14.5616716
35.8624459 14.5646632
35.861029 14.5701537
35.855439 14.5649987
35.8563798 14.5473175
35.8511232 14.5375465
35.8504406 14.5335026
35.8474985 14.5264874
35.8429304 14.5447605
35.8426608 14.5486481
35.8392925 14.5440148
35.8375688 14.5445509
35.8358229 14.5442989
35.8322834 14.5332844
35.8341008 14.5313595
35.8342911 14.5299178
35.8296882 14.5321891
35.8275564 14.5332786
35.8259944 14.5321422
35.8260596 14.5295505
35.8233552 14.5291405
35.8639164 14.5023099
35.8708978 14.5072541
35.8998156 14.4829079
35.8638451 14.5038541
35.8896506 14.5008857
35.8868186 14.4972504
35.8829877 14.4917513
35.8694297 14.4807103
35.866682 14.481078
35.8635925 14.4775705
35.8604352 14.4838603
35.8840847 14.494271
35.8863982 14.4965068
35.8897967 14.5007116
35.8952138 14.5080061
35.8950762 14.5086572
35.8898946 14.500549
35.8921457 14.4974335
35.8959496 14.4944565
35.8946805 14.4909961
35.8960301 14.4889276
35.890324 14.5013868
35.8798325 14.4899802
35.8782852 14.4922759
35.8772743 14.4951643
35.8736305 14.4960269
35.8732407 14.4989594
35.8732021 14.5068639
35.8730595 14.5095102
35.8738182 14.5122671
35.873487 14.5134306
35.8726531 14.5179141
35.8722537 14.5217789
35.8721662 14.5246057
35.8720586 14.5264524
35.8720543 14.5298266
35.8587048 14.5625281
35.8736994 14.5045023
35.8774732 14.5195784
35.8795634 14.5182661
35.8801077 14.5178039
35.8832013 14.5192611
35.8859703 14.5182894
35.8877324 14.5169079
35.8812536 14.5194508
35.8745708 14.5089092
35.8757327 14.5101135
35.8766899 14.5118277
35.8775527 14.5153729
35.8852238 14.523332
35.8861795 14.5270881
35.8867727 14.5291024
35.8855732 14.5326161
35.8861904 14.5338285
35.8939904 14.5312526
35.8924989 14.5328382
35.8895852 14.5323326
35.8905556 14.5299322
35.8911136 14.5276004
35.8923612 14.5248094
35.8890505 14.5270897
35.8873773 14.5261858
35.8859366 14.5256011
35.8775595 14.5234253
35.8806475 14.5225134
35.8820132 14.5245716
35.881529 14.5282146
35.8829372 14.5284104
35.8850957 14.5284226
35.881366 14.5270076
35.8915129 14.5054597
35.9013624 14.48036
35.8997123 14.4841942
35.8999347 14.48479
35.8867766 14.4960959
35.8863207 14.4942579
35.8865555 14.4949337
35.8874387 14.4968486
35.8878017 14.4932118
35.8929299 14.4937898
35.8903017 14.4913544
35.8888415 14.4902077
35.8886926 14.4892649
35.8902637 14.4876154
35.8917979 14.485593
35.8912889 14.4921527
35.8801098 14.4838708
35.8784074 14.4842364
35.8806216 14.4848178
35.8736806 14.4935563
35.8686006 14.4900026
35.8656466 14.4903807
35.863505 14.489345
35.8618851 14.4899395
35.8593548 14.4919565
35.8584026 14.4903995
35.8597222 14.4890343
35.8579875 14.4885313
35.8568299 14.4882565
35.8520429 14.4933752
35.8467135 14.4876448
35.8448607 14.4856084
35.8432915 14.4838292
35.8414177 14.4832998
35.840848 14.4833386
35.8393803 14.4833091
35.8372206 14.4838965
35.8355292 14.4860448
35.8342873 14.485494
35.8330538 14.4849165
35.8333492 14.4838096
35.8325328 14.4811136
35.8327611 14.4800944
35.834402 14.4761172
35.8339389 14.4741044
35.8309118 14.4731744
35.8333871 14.4801658
35.837079 14.4838933
35.8380867 14.4832657
35.8432234 14.4825956
35.8444823 14.4839421
35.8449639 14.4676591
35.844978 14.4661443
35.8434561 14.4638403
35.8421263 14.4647316
35.8412057 14.4644397
35.8376642 14.4634405
35.8351815 14.4623322
35.8338866 14.4606303
35.8343531 14.4580266
35.8730606 14.4882484
35.831711 14.4806685
35.8294364 14.4799818
35.8275716 14.4810051
35.8258101 14.4797941
35.8252588 14.4783322
35.826867 14.4752973
35.8265703 14.4728772
35.8282719 14.4732574
35.8291471 14.4749661
35.8302853 14.4752139
35.8431495 14.4678944
35.8291473 14.4687939
35.830989 14.4706598
35.8633297 14.5049911
35.8642028 14.5068244
35.8632734 14.5083791
35.8622159 14.5092588
35.8618521 14.507566
35.8605713 14.5038415
35.8601975 14.5015394
35.861454 14.5015314
35.8624203 14.503122
35.8632321 14.5044013
35.8647138 14.5075765
35.8562056 14.5196042
35.8543867 14.530514
35.8538528 14.5311214
35.8528526 14.5277611
35.8508046 14.5263334
35.8496744 14.5251591
35.8596059 14.5170753
35.8609885 14.5159727
35.8694482 14.508181
35.8677481 14.5111986
35.8648669 14.5125353
35.8525874 14.5229924
35.8193008 14.527925
35.8201882 14.5267717
35.8188093 14.5256934
35.8187788 14.5238721
35.8210255 14.5235556
35.8207319 14.5250604
35.8205573 14.5266537
35.849636 14.5250256
35.8651189 14.5110861
35.868244 14.5100898
35.8645816 14.5136006
35.8641623 14.5168265
35.8641936 14.5188752
35.8661603 14.5203731
35.8676692 14.5231037
35.8682585 14.5281088
35.8637784 14.530524
35.8599265 14.5318088
35.8580842 14.5313045
35.8560549 14.5305441
35.8549665 14.5329189
35.8553677 14.5343026
35.8549793 14.5373152
35.8563897 14.5391393
35.8566657 14.5406896
35.854344 14.5415318
35.8674888 14.523109
35.8487003 14.52414
35.8481936 14.5206374
35.8477762 14.5183012
35.8473414 14.5154902
35.8484763 14.5138085
35.8498025 14.5118827
35.8507449 14.5080364
35.8508612 14.5064941
35.8491916 14.5039567
35.8482555 14.5029028
35.8490937 14.5018512
35.8507091 14.4998074
35.8513461 14.5014945
35.8507417 14.5048445
35.8488817 14.5245589
35.8710773 14.534727
35.8714381 14.5378464
35.8709295 14.5405903
35.8699906 14.5432189
35.8664172 14.5475399
35.8624416 14.5499754
35.8626915 14.5570242
35.8628089 14.5601517
35.8624285 14.5585746
35.8624786 14.5499098
35.8691733 14.5437768
35.9011886 14.4798866
35.8276433 14.4683571
35.8266876 14.4703031
35.8249728 14.4681466
35.8233635 14.4684952
35.8318812 14.4694642
35.8266615 14.4769992
35.8306955 14.4815066
35.8603526 14.4855702
35.878272 14.4841929
35.8922661 14.5074999
35.8907234 14.5051187
35.8926934 14.506764
35.8940464 14.5126522
35.8509917 14.5129421
35.850983 14.5156163
35.8492242 14.5148599
35.848281 14.5071025
35.8470544 14.5058021
35.8485328 14.5054293
35.8533005 14.495206
35.8648978 14.4801494
35.8641653 14.4785281
35.8642892 14.4777676
35.8654978 14.4797766
35.8700737 14.483163
35.8782261 14.4840049
35.8501373 14.5102841
35.8726038 14.4969871
