242
35.9014288 14.479873
35.9008452 14.4765783
35.9019175 14.4756107
35.9017712 14.4756147
35.9235998 14.4777176
35.9017872 14.4754663
35.8761055 14.505778
35.8754289 14.5032818
35.8568415 14.5636308
35.8555777 14.5668009
35.8581744 14.5689252
35.8591505 14.5693463
35.8629757 14.5695636
35.8625356 14.566475
35.8641262 14.5616215
35.8658803 14.5631249
35.8636567 14.5616716
35.8624459 14.5646632
35.861029 14.5701537
35.855439 14.5649987
35.8639164 14.5023099
35.8686939 14.5070845
35.8708978 14.5072541
35.8998156 14.4829079
35.9211054 14.4907238
35.9188382 14.4896687
35.8638451 14.5038541
35.8896506 14.5008857
35.8868186 14.4972504
35.8829877 14.4917513
35.8840847 14.494271
35.8863982 14.4965068
35.8897967 14.5007116
35.8914893 14.5040276
35.892723 14.5043083
35.8940719 14.5063354
35.8952138 14.5080061
35.9234486 14.4836337
35.8950762 14.5086572
35.8929172 14.5073794
35.8894348 14.500472
35.8798325 14.4899802
35.8782852 14.4922759
35.8772743 14.4951643
35.8736305 14.4960269
35.8732407 14.4989594
35.8732021 14.5068639
35.8730595 14.5095102
35.8738182 14.5122671
35.873487 14.5134306
35.8726531 14.5179141
35.8722537 14.5217789
35.8721662 14.5246057
35.8720586 14.5264524
35.8720543 14.5298266
35.8738593 14.5330024
35.8749319 14.5337413
35.8765435 14.5358643
35.878077 14.5389582
35.8760664 14.5429909
35.8746505 14.5465448
35.8721249 14.5531538
35.8710643 14.5573515
35.8670845 14.5619327
35.8587048 14.5625281
35.8665368 14.5618468
35.8719619 14.5531914
35.8769836 14.5387101
35.8755751 14.5358378
35.8730865 14.5068491
35.8736994 14.5045023
35.8728644 14.4966319
35.8899507 14.5009971
35.895019 14.5086567
35.8744679 14.5196128
35.8753438 14.5203933
35.8774732 14.5195784
35.8795634 14.5182661
35.8801077 14.5178039
35.8832013 14.5192611
35.8859703 14.5182894
35.8877324 14.5169079
35.8812536 14.5194508
35.878327 14.520839
35.8774409 14.5217897
35.8745708 14.5089092
35.8757327 14.5101135
35.8766899 14.5118277
35.8775527 14.5153729
35.8777823 14.5192695
35.8800311 14.5192117
35.8852238 14.523332
35.8877686 14.5219238
35.8847909 14.5216513
35.8848631 14.5234232
35.8861795 14.5270881
35.8867727 14.5291024
35.8855732 14.5326161
35.8861904 14.5338285
35.8892049 14.5365831
35.8905994 14.536449
35.8913516 14.5358991
35.8901817 14.5435984
35.8939904 14.5312526
35.8924989 14.5328382
35.8895852 14.5323326
35.8905556 14.5299322
35.8911136 14.5276004
35.8923612 14.5248094
35.8890505 14.5270897
35.8873773 14.5261858
35.8859366 14.5256011
35.894953 14.5086562
35.8775595 14.5234253
35.8806475 14.5225134
35.8820132 14.5245716
35.881529 14.5282146
35.8829372 14.5284104
35.8850957 14.5284226
35.881366 14.5270076
35.9239192 14.4787048
35.9252418 14.4749916
35.9276612 14.4717009
35.9253288 14.4743657
35.9271184 14.4772486
35.9289819 14.4776376
35.9299919 14.4785616
35.9290764 14.4814181
35.9287713 14.4831495
35.9284622 14.4852034
35.9271977 14.4823717
35.9255535 14.4800448
35.9242188 14.481976
35.9272533 14.4867934
35.9284455 14.4889337
35.9273927 14.4889423
35.9252093 14.4913208
35.9237341 14.4921049
35.9246858 14.4799027
35.9241428 14.4786769
35.9120165 14.4774525
35.9084384 14.476462
35.9091755 14.4739702
35.9039359 14.4722691
35.9114735 14.4761938
35.9064591 14.4796136
35.9087227 14.4802431
35.9096132 14.4824198
35.9079304 14.4787263
35.8801098 14.4838708
35.8783877 14.4838599
35.8806216 14.4848178
35.8736806 14.4935563
35.8730606 14.4882484
35.8633297 14.5049911
35.8642028 14.5068244
35.8632734 14.5083791
35.8622159 14.5092588
35.8618521 14.507566
35.8605713 14.5038415
35.8601975 14.5015394
35.861454 14.5015314
35.8624203 14.503122
35.8632321 14.5044013
35.8946099 14.5086532
35.8663754 14.5067666
35.8945547 14.5086528
35.8626915 14.5570242
35.8628089 14.5601517
35.8704861 14.564352
35.8697319 14.5667312
35.8675514 14.5712261
35.8668324 14.5691505
35.8665368 14.5672676
35.8656695 14.56366
35.8624285 14.5585746
35.8803467 14.5409578
35.881508 14.5415242
35.8845204 14.5402606
35.8851299 14.5393592
35.8861023 14.5388174
35.8848278 14.5420521
35.8845584 14.5449489
35.8846654 14.5468616
35.8860745 14.546381
35.8868588 14.5453401
35.8874181 14.5455015
35.8887024 14.5474112
35.8879016 14.5499339
35.886482 14.551702
35.8864705 14.5498739
35.8868135 14.5484162
35.8857731 14.5478538
35.882809 14.5418403
35.8777388 14.5402309
35.9064561 14.4744846
35.9065995 14.4717139
35.9011886 14.4798866
35.9068471 14.4765472
35.9068797 14.4814745
35.9101862 14.4733795
35.912995 14.4783842
35.9151295 14.4795694
35.9159777 14.4850761
35.9183947 14.4895597
35.9163003 14.487906
35.8782432 14.4838054
35.8922661 14.5074999
35.8907234 14.5051187
35.8638871 14.5564315
35.8653282 14.5563725
35.8653 14.5575607
35.8643435 14.5595294
35.8780865 14.5310953
35.879321 14.5306474
35.8755394 14.5324123
35.8875081 14.5026503
35.8868184 14.4985843
35.8858905 14.5009875
35.8872704 14.5033318
35.8894018 14.5068292
35.8912796 14.5092539
35.8931111 14.5106873
35.8936825 14.5089788
35.8952612 14.5114926
35.8965934 14.5129395
35.8977525 14.5148277
35.8988367 14.5165272
35.8997796 14.5171425
35.9005524 14.5163907
35.9016983 14.5164713
35.9014042 14.5147585
35.9017068 14.5127892
35.9002377 14.5109246
35.8992887 14.5141799
35.8998825 14.5131344
35.9008446 14.5184928
35.8981559 14.5180542
35.8971376 14.5160052
35.8966411 14.5146495
35.8950922 14.513582
35.8940464 14.5126522
